11001101100001000000010101 4
01101101100001000000011010 14
00100110010111111100101111 6
00100111010111111100101111 96
00101010010111111100101111 10
11101011000001000000010111 5
11100010000001000000010111 7
11101101100001000000010111 5
00101000010111111100101111 26
00100111110111111100101111 542
10110111100001000000010101 29
10110111000001000000010101 18
01000000010110110011010000 79
00000101100001000000010110 1
00101001110111111100101111 42
00000101000001000000010110 29
10000011000001000000011001 245
00000111100001000000011010 1
10000100000001000000011001 30
11000001100001000000010101 1
11111111000001000000010101 2
01101001000001000000010110 2
00100001100001000000010110 11
00110010010111111100101111 120
10110010000001000000010101 80
11010001100001000000010101 1
11001111100001000000010101 1
11010000100001000000011001 14
10001111100001000000011001 10
11000001000001000000010101 1
11011011000001000000011000 1
00101001010111111100101111 60
11100001100001000000011001 4
00001111100001000000011010 35
11110010100001000000011001 17
11011110000001000000011001 2
11110010000001000000011001 8
00110100010111111100101111 126
00110101000001000000011010 1
11011000100001000000010101 4
11110000000001000000011001 31
00110001000001000000011010 5
11011111100001000000011001 6
00110011000001000000011010 1
00000000000001000000010110 2
00000000100001000000001001 4
01101111100001000000011010 4
00010000000001000000011010 16
11010111000001000000011001 2
01101110100001000000011010 16
01000100000001000000011000 5
10001110000001000000011001 4
00110000100001000000011010 11
10000001100001000000011001 5
00010010000001000000011010 5
00110000000001000000010110 15
00110101010111111100101111 243
10000011100001000000011001 60
11010001000001000000011001 2
11101010100001000000011001 16
10010000000001000000011001 3
00010001000001000000011010 23
10000000000001000000011001 16
00111011010111111100101111 33
00111001110111111100101111 17
00100110110111111100101111 87
11101011000001000000011001 16
00000001000001000000011010 7
00111010010111111100101111 60
00010011000001000000011010 5
01101111000001000000011010 13
01100101000001000000011000 4
11010011000001000000011001 4
00111001100001000000011010 15
00110101110111111100101111 126
00111011110111111100101111 13
01101110000001000000011010 16
00111010100001000000011010 7
00111100010111111100101111 4
11101010000001000000011001 16
00110010110111111100101111 578
00110000010111111100101111 140
00101111110111111100101111 97
00010011100001000000010110 1
11101101100001000000011001 17
11110000100001000000011001 90
00101011000001000000010110 3
01001001110111111100101111 48
00110000000001000000011010 89
00000000000001000000001001 2
00000001000001000000001001 7
00110000100001000000010110 35
10110010100001000000010101 61
00110100110111111100101111 201
00110001000001000000010110 9
00110001110111111100101111 110
01000011100001000000011000 3
00101000110111111100101111 182
01010000010111111100101111 27
01011011110111111100101111 9
01010000110111111100101111 27
11101111000001000000011001 59
01011001010111111100101111 9
01011010010111111100101111 20
01011011010111111100101111 36
01011100110111111100101111 9
00101010100001000000010110 14
11101100000001000000011001 16
01011001110111111100101111 9
00010001100001000000011010 9
00010000100001000000011010 15
00110011110111111100101111 47
10001010000001000000011001 45
11101111100001000000011001 16
00111001010111111100101111 1
11100110100001000000011001 3
10000001000001000000011001 28
11100111100001000000011001 26
00111001000001000000011010 7
00101101110111111100101111 28
10001010100001000000011001 11
00000001100001000000001001 1
01011100010111111100101111 18
11100111000001000000011001 114
00110011010111111100101111 1047
11101000000001000000011001 16
00110110110111111100101111 7
11101000100001000000011001 17
00110100000001000000011010 2
00111010000001000000011010 12
11101110100001000000011001 16
11100110000001000000011001 77
11101001000001000000011001 16
00110001010111111100101111 9
00000100100001000000011010 11
11101001100001000000011001 16
11101011100001000000011001 16
10001110100001000000011001 1
10000000100001000000011001 9
11101101000001000000011001 17
00101111010111111100101111 30
11101100100001000000011001 16
11101110000001000000011001 16
11100010000001000000011001 9
01001101000001000000011010 20
00111010110111111100101111 160
01001001010111111100101111 6
