135071828 1
135071824 1
135071808 1
135071812 1
135083840 1
135083828 1
135083820 2
135066508 1
135079576 7
135079560 4
135079588 3
135079572 3
135066504 8
135071680 8
135071708 3
3060277275 1
134928738 1
134928737 1
135071704 4
3060277271 1
134928734 1
134928733 1
134932212 4
134928730 1
134928729 1
134928726 1
134928725 1
134928722 1
134928721 2
3060277274 1
135000326 2
134928717 1
134928713 2
134928714 2
134928710 1
134928707 1
134928706 1
134928705 1
134928702 1
134928701 1
134928709 2
134928698 2
134928697 1
134928693 2
134928694 2
134928690 1
3060277269 1
135000321 3
3214381884 6
3060277273 1
3214381888 6
3214381896 6
3214381900 6
3214381912 9
3214381916 6
3214381920 6
3214381924 6
3214381928 6
3214381932 6
3214381940 6
3214381936 6
3214381944 12
3214381952 6
3214381960 6
3214381964 6
3214381956 6
3214381968 6
3214381996 6
135071810 1
3214381992 6
3214382000 6
135071822 1
3214382004 6
3214382008 6
3214382012 6
3214382016 6
3214382020 6
3214382024 6
3060277266 2
3060277265 3
134928686 1
134928685 1
3060277261 3
135071692 3
3060277259 3
134928689 2
134928688 2
134928684 2
134928682 2
3060277258 3
134928681 1
3060277257 3
135071688 2
3060277255 3
134928677 2
134928678 2
134928679 2
134928680 2
134928676 3
3060277253 3
3214382347 10
3214382180 15
3060277270 1
135000322 2
3214382072 10
3214382176 10
3214382100 20
3214382172 15
3214382324 7
3214382226 10
3214382332 25
3214382328 10
3214382212 5
3214382204 10
3214382200 10
3214382188 15
3214382152 10
135001500 5
134928718 3
135001840 5
3214382227 15
134928675 1
3214382164 3
3214382156 7
3214382140 3
3214382136 3
134928674 1
3060277250 3
3060277249 3
134928673 2
3214382036 39
3214382032 26
3214382040 36
3214382044 36
3214382048 36
3214382148 6
3214382168 9
134928672 3
134928671 3
3214383354 6
134928669 3
3214382052 52
3214382056 52
3214382060 71
3214382064 52
3214382144 29
3214382160 3
135075864 3
134928711 3
3214383396 3
3060277278 1
3214381892 6
3060277277 1
134929334 1
134929335 1
134929338 1
134929339 1
134929342 1
134929343 1
134929346 1
134929347 1
134929350 1
134929351 1
134929354 1
134929355 1
134929358 1
134929359 1
134939292 14
134929356 3
134929352 3
134929348 3
134929344 3
135053764 7
135053772 7
135053776 7
134928691 3
3214383376 11
134928699 2
3214383384 8
135053756 7
134928715 2
3214383400 11
134928719 3
3214383404 8
134928723 1
3214383408 8
134928727 1
3214383412 8
134928731 1
3214383416 8
134928735 1
3214383420 8
134939324 7
3214383428 21
135053697 7
135053700 10
135053708 9
135053728 24
134928703 1
3214383388 7
3214383284 2
3214383288 2
3214383296 4
3214383292 3
134939336 1
3214383312 6
3214383316 6
135053752 9
3214383432 38
3214383444 35
134939316 1
135053724 14
135053712 29
134939276 7
135053844 30
135053720 13
135066420 28
135066416 28
135066424 21
135053768 21
3214382184 15
135054592 12
135055356 2
134952099 1
135083832 1
134930624 1
134928661 1
134928660 1
3214386396 4
3214386394 3
3214384428 2
3214386393 1
3214383483 6
3214383446 2
134952101 1
135055156 2
135055108 2
135083824 1
134930616 1
135067720 3
135071832 5
134928658 2
3214386392 4
134928687 1
3214383372 14
3214383436 52
3214381988 6
134942972 2
3214386390 3
3214384424 2
134928683 2
3214383368 12
135067736 4
135067740 1
3214383324 5
3214383320 5
3214381984 6
134942968 1
3214381980 6
134942964 1
3214381976 6
134942960 1
3214381972 6
134942956 3
3214383736 16
3214383728 5
135066664 1
3214383712 14
134944860 1
135066656 1
3214383704 13
3214383696 11
3214383798 3
135066652 1
3214383700 11
135066640 1
3214383688 14
135083956 3
3214383692 11
135066632 1
3214383680 9
135066636 1
3214383684 7
135066624 1
3214383672 11
135066628 1
135083940 3
3214383676 9
135066616 1
3214383664 9
135066620 1
3214383668 11
135066612 1
135083924 3
3214383660 12
134942973 2
135066584 1
135083896 2
3060277276 2
3214383632 7
135066588 1
135083900 1
3214383636 7
135066576 1
135083888 1
3060277268 2
3214383624 9
134942957 1
135066568 1
135083880 1
3060277260 4
3214383616 4
135066560 1
135083872 1
3060277252 4
3214383608 7
135066564 9
3060277256 4
3214383612 6
135066552 1
135066556 14
135066676 1
135083988 1
3214383724 26
134944872 1
135083768 2
3214383504 56
135069868 2
3214383532 67
3214383536 66
3214384363 1
135066500 7
135066572 3
135083884 1
3060277264 4
3214383620 17
3060277254 3
135066464 1
135083776 2
3214383512 101
134928720 3
135068000 1
134928736 2
135068016 1
134928732 2
135068012 1
134928728 2
135068008 1
134928724 2
135068004 1
135068024 1
134928740 2
135068020 2
135066496 53
135083808 1
135069880 1
3214383544 32
135083860 1
3214383596 9
135066548 1
135066604 1
3214383652 4
3214383656 4
135076484 1
135066660 1
135083972 3
3214383708 16
3214388805 9
3214383044 6
135017137 4
3214384388 5
3214383280 2
3214388503 9
135067340 1
135083812 1
3214383548 6
3214388771 9
3214386397 1
3214384656 1
3214384556 1
3214386395 4
135067508 1
3214383440 131
3214388663 9
3214384548 1
135067500 1
134928739 2
3214383424 8
3214388647 9
3214384532 1
135067484 1
135066684 1
3214383732 9
3214388420 9
3214388366 9
3214387301 9
3214382068 114
3214387291 9
135066644 1
3214387272 9
135066932 1
135066608 1
3214387236 9
134929357 1
135066896 1
135066688 1
134944818 3
3214386398 9
135066692 2
3214383740 14
135066680 1
134944810 3
135072012 1
135072008 1
135066672 1
3214383720 17
134944868 1
134944832 1
3214383848 8
135066800 1
135071820 1
3214387225 9
3214384360 2
135053384 3
135067312 1
3214383352 6
3214383350 1
3214383348 7
134928692 3
135067972 1
135072184 4
134928700 2
135067980 1
134928696 2
135067976 1
3214388505 1
134928712 3
135067992 3
135072180 1
135066580 1
134941160 1
3214383304 8
3214386376 1
135075912 3
3214383036 2
134944184 1
3214383032 2
135075860 1
134944180 1
3214383028 2
135075856 1
3214383024 2
135075852 3
3214383016 2
135075844 1
135066732 1
134944928 1
3214388684 9
134944924 1
135071852 1
134933588 1
135066724 1
135066720 1
3214383351 1
135066712 1
3214383347 1
135066708 1
3214386429 9
135066912 1
135066700 1
135066696 1
134928716 2
135067996 1
3214388624 9
135066704 1
134944834 3
3214383716 8
135066668 1
134944864 1
135071760 1
135071748 4
3214383144 6
135075972 1
135071744 1
3214382988 2
3214384624 1
135067576 12
135066780 1
3214384524 1
135067476 1
135075908 1
3214386372 1
135055372 1
3214384592 1
135067544 1
3214383796 17
135066748 1
135066768 1
135071948 5
3214384416 1
135067368 1
3214384372 1
135053396 1
135067324 1
134944884 1
135077200 1
135067536 1
135066740 1
134944936 1
3214383808 10
135066760 1
135066772 1
135066764 1
135071892 4
135066736 1
134944932 1
135071884 3
3214383804 17
135066756 1
134944828 1
3214383844 9
135066796 1
135071924 4
3214384392 5
135067344 1
134928704 2
135067984 1
3214384552 1
3214386391 4
135067504 1
135075904 1
3214383076 4
3214386368 1
3214383349 1
135067124 1
3214384576 1
135067528 1
3214383800 12
135066752 1
3214384380 1
135053404 1
135067332 1
135077208 1
135053316 1
135067244 1
3214383820 13
135077120 1
3214384540 1
135067492 1
135075892 1
3214383064 6
3214386356 1
135065544 1
135071872 1
135067516 1
3214384560 1
135067512 1
135055376 1
3214383108 6
135053696 56
135067624 2
3214382816 4
3214384452 10
135067404 1
135066648 1
3214383794 4
3214382976 2
134938632 2
3214384612 1
135067564 1
135075964 1
134933585 1
135083868 1
3060277248 7
134512820 1
135065876 1
135067620 2
135055220 1
3214382812 4
3214384448 10
135067400 1
3214384608 1
135067560 1
135075960 2
3214388504 1
3214383084 2
134944068 1
135083864 1
3214383600 1
134512816 1
135065872 1
135067616 1
3214382808 4
3214384444 10
135067396 1
135075956 1
3214384436 10
135053460 6
135067388 1
135066544 29
3214383080 4
134944064 1
135065868 1
3214386388 1
3214384440 10
135067392 1
135071700 1
3060277267 1
134932420 1
3214383096 9
134944080 1
3214382820 4
3214384456 10
135067408 1
3214382980 2
3214384616 1
135067568 11
135075968 1
3214383140 12
3214384364 1
135067316 1
134944876 1
135077192 1
3214384564 1
135063936 1
135067228 1
3214384368 1
135053392 2
135067320 1
134944880 1
135077196 1
135070308 10
135067016 1
3214384400 3
135067352 1
135065564 1
134944820 1
3214383836 17
135066788 1
134944144 1
3214384632 1
135067584 1
3214383040 6
135075868 14
3214383995 1
3214384404 2
135067356 1
3214384408 2
3214383300 6
3214388523 9
135067360 1
3214384412 1
135067364 1
3214384396 3
135067348 1
134928708 2
135067988 1
135071888 1
135065560 1
135066784 1
3214382992 2
134929360 3
135054712 5
3214384628 1
135067580 13
3214383353 1
135067128 1
135063952 2
3214384580 1
135067532 1
135067752 14
135065552 1
134944811 2
135071904 2
135066776 1
3214384384 2
135067336 2
135077212 1
3214384584 1
135063956 1
135053320 1
135067248 1
3214383824 12
135077124 2
3214384544 1
135067496 1
135075896 10
3214383068 6
3214386360 1
135065548 1
3214384376 1
135076381 1
135053400 1
135067328 1
134944888 1
135077204 2
3214384536 1
135067488 1
135075888 1
3214383060 6
3214386352 1
135065540 1
3214383100 4
134944084 1
135053704 16
135067632 1
3214382824 4
3214384460 10
135067412 1
3214383104 9
134944088 1
135071912 4
134944819 2
3214382828 4
3214384464 10
135067416 1
3214382832 4
3214384468 10
135053492 1
135067420 1
3214384528 1
135067480 1
135066592 1
135083904 1
3214383640 4
3214383112 6
134944096 1
135083892 1
3060277272 2
3214383628 7
134512844 1
135067936 8
135053716 51
134933587 1
135067644 2
3214384472 10
135067424 1
135072004 3
135076382 1
135066596 1
135083908 3
3214383644 4
3214383116 14
134944100 1
134944923 2
134938496 2
3214384476 10
135067428 1
3214384600 1
135067552 1
135075952 1
3214383072 6
135075900 53
3214386364 1
3214384480 10
135067432 1
3214384484 10
135067436 1
3214384488 10
135053512 4
135067440 1
3214383132 20
134944116 1
135076252 1
3214383148 2
3214383648 4
135066600 1
3214383136 17
134944120 1
3214384512 10
3214384516 10
135067468 1
3214382196 15
135054604 15
135054664 1
3214383997 1
3214384520 1
135067472 1
3214383120 14
134944104 1
3214383124 16
134944108 1
3214383000 2
3214384636 1
135067588 5
135071920 1
134944824 1
3214383840 12
3214383004 2
3214384640 1
135067592 2
134933586 1
3214383048 6
3214383012 2
3214384648 1
3214383056 8
3214383008 2
3214384644 1
3214383052 8
3214383128 18
134944112 1
3214383020 2
135075848 1
3214383992 1
135066944 1
3214383993 1
3214382192 10
135054600 2
3214383996 1
135066948 1
135063656 3
135071696 5
3060277263 3
3214383619 3
135083804 1
135069876 1
3214383540 44
134512756 2
135083836 1
134512788 2
135083852 1
3214383588 3
134512804 1
135065860 3
135083856 1
3214383592 13
134512808 1
135065864 2
134944072 1
3214383088 7
3214386380 1
135083844 1
3214383580 1
134512796 1
134944076 1
3214383092 9
135075920 1
3214386384 1
135067664 15
134932692 1
3214384492 10
135067444 1
135069864 3
3214383528 85
3214384496 10
135067448 1
135067672 1
3214384500 10
135053524 1
135067452 1
3214384504 10
135067456 1
3214384568 1
135067520 1
3214383355 15
134928670 3
135064468 1
3214384508 10
135067460 1
135065396 2
3214382996 2
135055404 1
135071764 1
135064448 1
135071772 1
135067464 1
3214386351 1
135071776 1
135071768 2
135071788 1
3214384620 1
135067572 11
135066804 1
135066812 1
135066808 1
135066820 1
135066816 1
135066828 1
135066824 1
135066836 1
135066832 1
135066844 1
3214383998 1
135066852 1
3214383994 1
135066848 1
135066860 1
135066856 1
135066868 1
135066864 1
134929337 1
135066876 1
134929333 1
135066872 1
134929345 1
135066884 1
134929341 1
135066880 1
134929353 1
135066892 1
134929349 1
135066888 1
134929361 2
135066900 1
135066908 1
135066904 1
135066916 1
135066924 1
135066920 1
135066928 1
135066940 1
135063648 4
135066936 1
135066956 1
135063664 4
135066952 1
135063660 3
135066964 1
135066960 1
135066972 1
135066968 1
135066980 1
135066976 1
135066988 1
135066984 1
135066996 1
135066992 1
135067004 1
135067000 1
135067012 1
135067008 1
135067020 1
135070312 1
135067028 1
135067024 1
135067036 1
135067032 1
135067044 1
135067040 1
135067048 1
135067060 1
135067056 1
135067068 1
135067064 1
135067076 1
135067072 1
135067084 1
135067080 1
135067092 1
135067088 1
135067100 1
135067096 1
135067108 1
135067104 1
135067116 1
135067112 1
135067120 1
135067132 1
135067140 1
135067136 1
135067148 1
135067144 1
135067156 1
135012838 1
135067152 1
135067164 1
135067160 1
135067172 1
3214383748 21
135077048 3
135067168 1
3214383744 21
135077044 3
135067180 1
3214383756 21
135077056 1
135067176 1
3214383752 21
135077052 1
135067188 1
3214383764 17
135077064 1
135067184 1
3214383760 22
135077060 1
135067196 1
3214383772 5
135077072 1
135067192 1
3214383768 5
135077068 3
135067204 1
3214383780 7
135077080 1
135067200 1
3214383776 5
135077076 1
135067212 1
3214383788 20
135077088 1
135067208 1
3214383784 14
135077084 2
135067220 1
3214384362 1
135067216 1
3214383792 11
135077092 1
135067224 1
135067236 1
3214383812 11
135077112 1
135067232 1
135053312 1
135067240 1
3214383816 10
135077116 1
135053324 1
135067252 1
134944812 1
3214383828 12
135077128 1
135053332 1
135067260 1
135053328 1
135067256 1
134944816 1
3214383832 12
135077132 1
135067268 1
135063688 2
3214384316 1
135067264 1
135067276 1
134944836 1
135077152 1
3214384324 1
135067272 1
135070656 1
3214384320 1
135067284 1
134944844 1
135077160 1
3214384332 1
134944840 1
135077156 1
3214384328 1
135053364 6
135067292 1
134944852 1
135077168 1
3214384340 1
135053360 2
135067288 1
134944848 1
135077164 2
3214384336 1
135053372 1
135067300 1
3214384348 1
135067296 2
134944856 1
135077172 1
3214384344 1
135053380 1
135067308 1
135067304 1
135053444 1
135067372 1
3214384420 2
135053452 5
135067380 1
135067376 1
135053456 15
135067384 1
135067524 1
135067540 1
135067548 1
135067556 1
135083848 1
3214383584 2
135071684 9
3060277251 3
3214383607 1
135083816 1
3214383552 4
3214383524 60
135083784 2
3214383520 71
3060277262 3
135066472 2
135083780 2
3214388739 9
3214383516 64
135083772 2
134512724 2
3214383508 122
135067660 2
135067668 13
135079556 3
135071936 2
135012896 1
3214382208 10
135054616 3
135012832 1
134929332 3
135054684 3
135012900 1
134929336 3
135012904 1
135054632 3
135012848 1
134929340 3
135012908 1
135066840 1
135012869 1
135071916 1
134944835 2
135066716 1
134944846 3
135071940 2
134944847 2
135071880 1
135066728 1
134944858 3
134944859 2
135071908 1
135066744 1
134944874 3
134944875 2
135065856 1
135071840 2
135066792 1
134944922 3
135054676 1
3214386350 1
135054656 1
135054652 1
135065824 4
135071800 2
135055340 1
3214387209 9
135071804 2
135055344 1
135067052 1
135032232 1
135055332 1
135055336 1
135055348 3
135055352 1
135067280 1
135053352 1
135075984 2
135075980 1
135083764 3
3214383500 57
3214383496 54
3214382216 10
135054624 6
3214383492 86
135067712 19
3214382220 10
135054628 3
135067716 6
3214383488 76
3214383484 36
3214383480 18
135083740 3
134512692 2
3214383476 25
3214383472 44
3214383468 37
135083728 1
3214383464 24
135083724 3
3214383460 20
3214383456 20
3214383452 24
3214388671 9
3214383448 37
134928657 7
135067744 10
134928695 2
3214383380 14
135067724 8
135053800 18
135067728 4
135067732 10
135067748 11
134928659 3
3214383344 6
3214383340 6
3214383328 4
3214383332 4
3214383336 2
3214383308 9
